         1     4     1   2   3   4 
         2    32     1   2   3   5 
         3    32     1   2   3   7 
         4    32     1   2   3   9 
         5    32     1   2   3  10 
         6    32     1   2   3  13 
         7    32     1   2   3  14 
         8     4     1   2   5   6 
         9    16     1   2   5   7 
        10    16     1   2   5   8 
        11    32     1   2   5   9 
        12    32     1   2   5  10 
        13    32     1   2   5  13 
        14    32     1   2   5  14 
        15     4     1   2   7   8 
        16    32     1   2   7   9 
        17    32     1   2   7  10 
        18    32     1   2   7  13 
        19    32     1   2   7  14 
        20     8     1   2   9  10 
        21    16     1   2   9  11 
        22    16     1   2   9  12 
        23    32     1   2   9  13 
        24    32     1   2   9  14 
        25    32     1   2   9  15 
        26    32     1   2   9  16 
        27     8     1   2  13  14 
        28    16     1   2  13  15 
        29    16     1   2  13  16 
        30     8     1   3   5   7 
        31    16     1   3   5   8 
        32    32     1   3   5   9 
        33    32     1   3   5  10 
        34    32     1   3   5  11 
        35    32     1   3   5  12 
        36    32     1   3   5  13 
        37    32     1   3   5  14 
        38    32     1   3   5  15 
        39    32     1   3   5  16 
        40     4     1   3   9  11 
        41    16     1   3   9  12 
        42    32     1   3   9  13 
        43    32     1   3   9  15 
        44     4     1   3  10  12 
        45    32     1   3  10  13 
        46    32     1   3  10  15 
        47     8     1   3  13  15 
        48    16     1   3  13  16 
        49     8     1   4   5   8 
        50    32     1   4   5   9 
        51    32     1   4   5  10 
        52    32     1   4   5  11 
        53    32     1   4   5  12 
        54    32     1   4   5  13 
        55    32     1   4   5  14 
        56    32     1   4   5  15 
        57    32     1   4   5  16 
        58     8     1   4   9  12 
        59    32     1   4   9  13 
        60    32     1   4   9  14 
        61    32     1   4   9  15 
        62    32     1   4   9  16 
        63     8     1   4  13  16 
        64    16     1   5   9  13 
        65    16     1   5   9  14 
        66    32     1   5   9  15 
        67    32     1   5   9  16 
        68    16     1   5  10  14 
        69    32     1   5  10  15 
        70    32     1   5  10  16 
        71    16     1   5  11  16 
        72    16     1   7   9  15 
        73    16     1   7   9  16 
        74    16     1   7  10  16 
        75    16     1   7  11  14 
